DE SEQUENTJBUS 3033
HUIUS TOMI AOTUM EST IN COMMENTARIO
313 33313313333 ANNALEN
DER STAUFERZEIT’:

A. M arb. q. d. Comm. A. Μ arb. q. d. Comm.

61 3333m3 Ἠ
33 133333 13
33 133333 333
33333333) 1333
33 1333333 33
33333 m. 3333333333
3333,z3 333.mup43 73333
33.333 3 ,3335w.3 3.33
33333 m. 33(ffi) 3
33333 ω. 33(p3m372.333
33333 33 13(p.3‚z3 73 ,
333333 13 333 51) 3.nm3
133333 13 333
33333 3333(3,3 3.m33
33333 3,313333 3m3
133.3,13 333 1333
33(3,z. 333333333 3333
13 31 3. 3333,m5 333
3333 333233 .3m 13
33 3} 33433 333
1,
1,

Χ-αᾪ,

3
5
6
7,

ἐξὲξ,

1092 ,,37 87, 116. 1195, 73.
1095 ..38 2) 681197. 74115.
1099 ,39 6) 681197. 74.
1099 ,39, 127) 116, 32 1198 74.
1099 ,39,129) 56.106.115,1199 55.
172, 35 1199 10314013,
1100111401 1) 87, 336 1199 5,129 74.
173, 34. 1200(.76, 17) 82, n. 4. 91.
1106 (1340, 1, 10) 68 1201 (p. 76 sq ) 65 118.134.
1107 (1340, 1. 18) 87, 336 1201(. 77, ,15) 118, n. 4.
173, 114, 1208 (p. 78 sqq ) 65.118.135.
1124 (p. 41) 86, 35. 12083. 79, 19 9) 140, 33.

&mag-3330.
N-X-QQEQN-

<aa

,,1
,1.
,1
,1
1,
1
1

»ε’ῑεῧῑῖὲῖὶῧῖέἓῗὲἓῑές,
Q {39 0:- »-·² μ- m α)

,7,
,,7
,7
,7

k,

 

