XXIII

A.Marb.q.d. Comm. Ann Maurimon. Comm.

1100 (p. 111 ,10) 1109, n. 7. 01410. 100) 111))10.
2236110011) 01. 1000110100

(Ρ
1110 1.
1111 1

(

) 172, n. 5.
8011) 109, 0.1; 1147 (p. 105) 174.

135, n, 9. 1173111100) 174.
1) 1321174111106) 174.
1) 83, n 1. 110

9 33 33 1111111010

11
2226ξῇ 13662222611101011001) 140,
26222 6666611401011001) 149.
,1
,1,
’1
1

oeoe

1111 1.
1111 1.
1110 66

(

κ,

9

’ἒὲἓέ

1215
1218

1229
122011.
1226
1229
1236
1238
126219.

*ebebeste *ge-:e
83&aeaess

6) 97115119,
139, Ann fr Praedia.
8

1) 100100, 1114111111) 100, n. 9.
0) 01. 11401110110) 100,

0) 1011100110110110) 10001104.
11) 110, 00. 1101 (p 110) 100, 5. 1.
110) 111, 01. 1109101110) 10111.
01111) 00. 1101 (p. 139) 101, n. 1.
100) 00. 1100 (p. 100) 101.

»τε
{⁸3ae

αἱωΙ-ἢ

,9
,9
9,
,1

ῗ-ῖς-ῖῗὲςῖε

 

